$ANSIBLE_VAULT;1.1;AES256
37386236306237313332616333393763656535623338303039333831316338333536663963356537
6630643362633537393964383132306466303731636632390a373332383236666139326163316263
32323030336634396637626661306265393964353766346464663830336335663238343965306234
3037653836626531660a313362323330393939666532316230343130356539633562343433303064
32396466363163326661346234656335383038613238366366653432336639343838633163383861
31333538333639626165663165396638633065306133633461656263623037346365313263306663
63313566616461626538333561356462316263303835653539373563323466393261613163616366
63653832323362383436616565303938633530636633613034623464323663303264393936613665
65373761396331633835366433366265353266653332623739376138393730636536316362353666
30353462383561646637626265653664316637363363373037363135363961626137393634316334
37643634666361343231363861613137656639393233383831636564383437653861343665666637
38383731636161356465343463383863626266346466643936643535333563626238623364656662
65613637333830656566623334353563613963333664336230663339306630373038353533373630
39623835313531656239653430323835386131363934396365326535326262326461663334653638
65306234306365613664636330616664363665346235636365333566633761613264346662323330
36333237623034346234373064663133396161396664393433323533316561363033323136303463
32653037373463623236396630353632373839666364353961326436653838366334636636646436
32633732643738353437663364363232383063613738363962363838643731373533386231643233
39663334656638643337326131396332343565393335353264373236636363373634613739643535
65366461643938313034343461346363333632663661633765623030313332396237633266346631
30643965616464356666376161326530356266383539646532383334616630626433303262323238
66343535636464666637653636393566343365616330366563326234373533663230353465336432
36386139646366633934643436613132613564343961373739643637326436373363633062383362
37376561326131653239326462663634633664323266636538626465306366643761353536336461
38613764666132343735373531353231313065396435353334303531333363343234393866313461
39383133653962633639646261623735323066633164313238626265636139646533646335616533
65363533316266326133306233333732336430366665306263366562636165366562663731353133
64313762646261323035383932343466643337333932646561663635313630663164643566393338
30356234306566616339663538303464663832343238613331373062656432333735323165643666
35323539343936336133666636626636343832396637373738363465343132366461656334666232
65343235396364633839646561336233336164623232343737383135363138393330653138383665
64653563643233333038666631623838396231653666646363396432313032663332333735396233
66363832376635653032656535663131356561396363643033633761396366333831396665353537
61393636643434643463376263313966306164353962633936363638353437346437336530666366
64613564613166636632613239666430323238356438363437336364656637613134346465613964
63306233383439326134613264343836383562366432346538303635623539373838633437633338
39393339653031663337313837626135646366333765306536303062396639356561336430663066
65636163363637376638373531393630626236306137353531363232356135356363633136633432
35363137393133636131316539646263343062643630616532623335346133366664656661353830
36316335613730663466666137633134333832306538346232613639366434646339663137633835
31613664656566353364323738613937316266356330323366333834663363326530613639666663
66346235353736323033316637346263663633313339636565336333393864663938353364306263
65623566353430306230396238386336653065643836373838333664376135613938306139633338
31313662316666623733316336653333313162323231326162336231333466613932336365633730
30613736666464306566363131383835313330656239366664306531326338616432643631356438
37383731333938663038376261353731323332336530633332323933343239656239373836333237
37306237623436643736363964326430373832616339623834356333336137303736383436633764
35373163373735353165613831333066303730643365353236336230623364643262633933313262
39303038393433333563333438333130613866303339333964633332313965306239366464336633
66343963666431316163653464306164623734613965346130323532643136646431356365336437
66393965656639626361663734336437366331666563623937613030653734396230616632666139
30323833383266353663633931646236346436363764653131376430323130333362353339336431
32636632656236656566366566353430323262653562323237323463653533363131353164343435
31363966626231323637336139366137653131383538623236636631366237613864313731653562
62616635393738613537363034613266663035653534313733623761336330313036316137653363
65356436363233633363326661663630393433386139323865656336623362623638366638376434
39373932336266356265393264623833333433666365373763346361376630653435663931653965
38383662363232353835303031313762376232623762666366363835356530306537666233353663
32613437623630646336323737613336663137336337643930316633633430366537386337666639
36396165323035396263323434633864323131663835333031343133316131356463373837636262
62323766636136653238376538333761373461613633643162626336396336383765636333386137
37666135306231633136333132366531613739396133633865313563613031333031373666346638
39643235343233366232333132623336323336313731323061633466336532363738616265313336
35663633663333353464383163306264393233363861646335366166386564373135366266336466
33633336383263353365653361376561323865663564383861653131303930383564633939656466
34666363303339396532656133363234376166663434353730353965343639316638646435623937
63643538306236326136396333323236656135363535366634663264623861336636373632366239
65633362373665633366346661303166653632356638376135636432373664316431643430396634
65353334633832336131383663313261366533393565353764303665653739303832363633353162
36633037653339633834306633353333303638383336303135343063643964363963623462313262
33666335633530383834336164363430376237613661316562313736663366326265386638323935
36336335656331323938623232663964663232383637333035353134633738643938303632346234
64346332613163396461323166346437373436303435643465666339306562613638356338383135
39323563326234373838366663613239366462613962633435623031663934393036396262306131
66616639656434323234333165323333373139323361343938613432666265663031646537313739
37306435326631666463653664326163616366636464386133353033653837383639376165376335
39656462386666646433613430383638346130353632336663313037636566663534653630306664
30316231636361666139313531613233393562353131373536373363346564356435383962326632
35633436303966633431323966356138633036623037396565626130393937306233323831363865
62346539616131663261313263333661326666636637346163393530376265353233363537313363
64343032393138636662396266393336326433656666616139386139666232306331623238303836
30643561326563383830336132366337633234373866633339663332363330363764393163306339
38353036326239643030363136343135653630333466383531633235646166636333306330363534
39633363323232323639663666353333636530333464343938653161323563323639363661636633
35636336656132663761373461326131303430623464346163343532636265633036336633623130
61666264323735326235373831653866623635663631383739363334663038663830643864326163
35656664653839626437643438613232366538366234306632353036303463656135333837363234
33656638396238356364343563386366373733636635393936633364363965393666303664663631
62613361376434383463626139613330373431343933613132666636363961346334356363636535
34326461326130613762613862323435633131353038653265363962353930336263376531656535
30353962353831616362383930363439613833663538343534353865396165653938626135386264
34613634383863616664316539323639336131643162356532653662346365316535626631303934
61383235333330343035326430343164613730366337323532666135633935666439353637633836
32333033633830356230383633356436626364366363663932643461303331376166376361373533
31343232623636386236343931303866616537343266323863613433653637643436366536376133
37623463346530303033303838626137353632643963366165626166353534373630646334653763
38653434363131666630663833333863623862326666326636363166313238653930663636313536
38323662613238303162373765653535663332306536343138346432363635306663633030343830
66643764346532336365306633306665646161633665353564643934343835313236626436353830
34663265663363396336386564626634663661646631386137353737666339346264336637363836
61663765336630353636303536643463663462653731336562343161366537353939323637643566
37633239613937643831373738313966333635633530376265666437646265383733623565626133
62633531386332363462653638613761373062313036393938316335333965376137356436333931
33343433366531383831643362353661333939393464343331326330383030366231643033386163
38346163366533306633343532623930316633616336646439373638646139613166323330343530
37313634343363303264633531373232313064653761363638666633303934613934313933323932
38653433383330633037306135633863366431363933323033613265646665626337363066653264
31666536663031646465346636643132343863366364646437393933363833616339383931326163
37376663373037366434326665333039393266643133333838333331343965616338366431313030
62373764386234386135336432663334386331386533626364633138313635623636616334613062
34313431653239623965356637643964393262623439616433323965333965363138383633363962
65366231363237303033353066363835366461636366666264396431396561613837643130343139
37623330643165316230613735636430306131376339333165656633323866653231333761663063
37353062353732626536313138656461626566373262393630633530323466376336323764303931
35363065373436393839646237393537396138333533323134353135656432363336303137613465
30386634353831646362643634646363356430343630353662623265616364633664373061333565
65313964373736303164336333333162323334666333353831636632633966383365613832666435
62363734666463626139366362643261366333333731313539643061393932643636633132366333
35393233656462313934316438303831356333663231363638653431363939356535306335363132
62613961643639663032613334313034643335616432623865323766346565346162376565616537
36343739323530633364383935393862343637346665326639343432386638356161646663376661
64383862396539636535653931306235343637346262353038333565626535613531373132313232
38663431643538376662386134663635383661353938633737306461633361316264343734313134
31386162623435376431323966643362333565363062323939623762303932356339643039666539
62346132326465663431663863393933663534663762666565366532383434313862633034323562
31346538633836323336313031653038366562366165396133646565666664383137333633636139
62373032643434353532656338323235623865396638353737363162356133393439373138393532
35313561323761613333326232303663376434653864393432666439356130316638643537323863
31376535393138393366383339356436396634626431633930633739643664383966663031353164
66626165393363666363303231316534353636366138393566316561393264633932643132623137
34323966313135396661343638333164663238323264366531333263636364336663656463393739
33333533303466393039663730373965346666323266623735383161356537313638636339326531
64666435343535613437636462616361353266653131636461356563356235613337323066333164
65383064383231616262613230613932383861666533316164303434623237336134616566383339
63356539616264333663396234393335333065623761623030653363346337346666653661366565
35626538383839633133643963636165313964323838373330626330663039643839353838356664
61653531303861306538396530303137346231313861313131316366316439346561316333346632
37336166636562373961666265346234356336363964633830363663326336386461643131313236
39316333633336363734343831626239643933353430353964373765353734323962323330333964
61326130313539346364383531653833316532326432643931343932643936613438633633363764
35393837326562346437353830303435376133386131326462363462373234623338633036353262
66616531663731376264643136366635363661346232333236643362386365623233306637386336
63636538336532663332626263323030366536376165346338613030616534336665613261343439
37633564663836326362363465633462343636363437356435633336376365623232373633656331
34343634343265373135353834313634353266376365643465396466363966326139313635383061
30373234663864393339356538653734363366346262653262626161303133353239626237353433
33623366616139353531333732373932383135383663326166616336303635383533393164313933
64343066623331663237353032323364313233393138336361616538616464393430663238373431
31333135353031346263373139366535353633663264663265383763323938396234313562336434
30616437626339356339653430383936646562623432336237643366336232396562626363316363
66343131653632646134616335663333373132346537643130333534643466623065633434356337
65396561666532343764333732383938333634653839666236393031636463356535323666356162
33656164373836376563343465316435663361346131323739386434366136336632643430343532
34366166616632326634613938316231616334636132613362393765306633343330326266633239
66623033356163653134303266363763353933386566323934633338653039316634653630376433
38336436386237656261636232336333326434363034373834396232366530653431373361633462
39633866623238303833393835396364313061363464633030393834643165303233353836653030
37313361313665613839333664643963313462366638643330333233613566393333633663393634
64666332613833356261373962336363386266623938313337353433613262623866626563643037
37656637363831623034343736646132363566363161306163366437306165666635386437343332
39326262383739353538303565313532326333656464393932616166376135633835306632363634
33366363376366646461643363333330623834363337343339346466616164623131386366336635
66653736626638353533613764343937643336396637366235316431613432316262316564313065
62393963653836343433613239613334616166376438616437353463366335343435653865623636
62663066316330363430633531353430653161636331333538643365333365306135666236653834
63663238626165306662616264303266336630623837346638363364656165326665323638343933
36386166633137653330313339316631356163663238363664303862666633376135633630306163
39313339346161386631376338373539653331633133366438323131616133646264623662323634
61663738353432313634656365666363393737316631626262633963303033303061643261386461
62366662373230306135626264313133373965386338613737613538663336626636356632633065
33376363353861636162306438323238646435353234363431373937303332303463653065306661
33366638653464626435613439313639396135353630323930376262636433616230613436636661
32643530336230353130623664613233386665376132333365633434653432633439
