$ANSIBLE_VAULT;1.1;AES256
30636132303636663733633634613365373733633232306135393431333261386336333561646265
3031336631613530353632373762303032353163353233320a653835383933306230376233613633
66333761396438343866646139326265313162366230633466376437646365343036666563313233
6437336531653638650a643362643038353266336530613266346136353966633965623338306164
35643361333466626233353733333331363437613331643235313830323539643065393531666631
63306531333430666164623533323935656535303664313136343865306166636661353834626230
35663133653035333966346430646466313036613363616236336461653130623764623031333233
37613335633238626263326437623764376163383764646237636566666461396633636337316639
35363436396134303335393437363132333763393935613033626633656431303137353230353239
62303331656363613936353065313937376566316130316536636339343936646461376130643730
30303538376564656662306239613337396663646261306436373536333765646164383362393235
31633564376364356262633231653737373562303664386430336538623336363666393462326139
36306362393462303632656332616534336434396662316565626334356466306439383064323635
32306161363139623464353063623738396332333736323536336638643536303630623832313065
64386536666234316262626261663665313435663039316436363132326665353934666637633563
65633866373734396362356465306431306639333536333861643662653731343561306366366237
36623034323333666364326565646237303165313730353537646162666131306637353964396564
62373336383937663263666661343265623432346537663966353039353566373035356461383666
34396635353662316334656339356463353564383232363335396361656462663539353965633136
61386435323062643838336135393665366565653035643134313930323939393635643165303637
31366435386135616139393461333038383161306330663363383739303631613263646636313239
32376234386162323939363938363332613931616363343731646630323065653465653335633564
35326339636231626239353361623938613731356530656664386130636639356366373762663739
37336238303938366131633336326336623336336661653436356132643535353437616236626362
30616533356165366262636138363766396366396638396239303238643538306238373263643439
63313263343136303030326632653365303530653034653036346434323035393434653034343336
61336664306430353864396337653961333934633362366639303664313734313130386437363631
38623862616162386632393464306136313431636464313064363332336137326430623437666438
36396662373362353163653665396334386461323331343130656236306337343162386238663938
66653565666663316566383731633464646162616466333063303835336130633937633032613162
36313166313864663538373938326530303331656366383266383939353733626333386531636131
33363131346364336638656436306131333662653964613032666633323635363331386633383136
31393336313365623835663363363261653461323432616232373165306534613531363864316630
63303030623938336539663030316166373432323534383839353036333664336636613535346437
33356566623064373930356637353330633537353464373033316238306264346166656462376366
63323062343761393432316533613433323962306136303638356365666361316666353839343864
61373464626135616236356163643937636264353937613465613034383939396334666236653761
64363137333931636465363635343766323635613637386432343866383437613661383639653363
35333331323062343530316166656262663964626462333862643965316538623265313431343865
65666661356637653365363234343039333835623933633034343838303330636433316466313532
65353238313930373731376130346439313065343935356131653964613262633338646235393736
61313465356632323261303031616561303932373530653937653265646535643938613564636435
36353038616532306232373434643538363163323530643637343862633536396435326235663731
36376265326335353366343634303131626164346434643931623937363639383239666634306562
61633734643561363430653964346464306239636530383565623066643434303139303132383865
33643738656234666566343062643237376537613966363837346133396235646338353433643536
35656438373737626561613330373530393861313064323162623463373364623438343566613037
63623865333639333165353935373239653563363464333832383432656632653839663461323639
37356266396538613533656532306563633138353539343563323465616465613533633863633961
31643933623139346237643263623162643738326539646632323435643339626535313563633166
33393130336336653262653237353033663133396430623263326536366661633031333736353332
39333633643439633936663465313233383232323331353935393261353538356132376135313737
32613131646333333032626661383934326434323332623065343336613736323865616662393536
64346164376264643236376134626133663930356564616535333435363038663165323435343135
32376561303563343766336131373537356334393765323963356332623932333939383236343632
62386131616135636536386436376265376564643264643861626332623634323733336138636162
34313230376263306566663565626163313534323233353631663361633565613961363063336662
65363131373739396637616431353663383532643430643738383964666538323235396161666266
37643031353738336261393663316265313433373837396566313537646238346136656262316261
63663132313635663334383733653333336664653836363463333230356332393033653462663566
64353735346163346331383632376232616565356235366237313738323966336231616231353632
30326334316562633136383432636234353663326236656139663035323030643061363530633264
35616461393565346239613565613235343937333338363538353331653839313465643732353437
32373833323666323435353535636165353037376539613831393830396132646337313561303863
31643135356139316633633666363335373437653038633062336330633534643330633064386131
64346231353763326431343031396461643434326461303466623838633665646339643162363833
31643336313332363966316363326330373231366565316132363834383066346231333066633433
30386338616232373962616363373263396434366539323037343639373636353739623833666366
35613735316165333330663965346131306663346639626666633666373730613462666361353434
34363238646161666465376164353736303331373665613037303938633366363232633135363132
62313564306434303766626234376233316534353561623139353231656134666133386532653266
30396533646461383034656566663832653339363731343533373534383763633235336234616438
39326361386538336338626463653735643137643965373235626438623963373064376635343866
65383162383861353333316232306230366433643230316364643733613032393966376265653562
34366461333131383236346438656361656466333861373638326337643438666631303862626631
66386236313465326137636435663561666461396265646662643335613264636165353561306233
37303965343135373331326361363334383064303535613264323138336461376364376164663564
37313363663464303630393734633133643461326463646536303565376366383237396465656238
63633966353665346233396536373761346666363436663232333965333235333434336632386561
63643631323430366137383062346639303165393933616139313636653339343535313438613732
38313030353561303766376161353639306434616538633431393438616163633133303539393161
33646565623866363039626230326139363131396462336138393930313037323965663662343738
37636231613237623835303764343737646635336538383736326232613231613565373930666530
33346532376235316666323631386363386330623933313735316565613832313464643238346164
66616564326437633936323535313763363762663961653661353330333430376534333132393835
63613363353535666663663963373433333564313133346263633432653231363439653433363639
37653362666262366239666538323265333164656363636264313132376136623739383231363463
36386665383038366136666363326366346435663538366639646632333462333661643935613837
65366239653934393065653830643264373437613139663237636139646438323164613364373265
33653865363661623739653463653933373135353234326663626135306133386338663538353565
34316131373962393962383564613539666133323237396265343431316633666561663935336638
36316636666331336461363361623731653932633562323764353334626163626636333439633230
61313737323733363965316537346435386462393733336163383162616538656234316635623166
62373136626166613165356635393264396637343836383930396162346638656434656239646431
32343265386534613337346234343164313235393535396137353666343866303434303262333836
30396566363135343062323533663435613831326230643866353465346232356361636436363631
65376435653361323035313531613339653239653662643833343034383761646239373936396366
39353037326461323838366661323165666265356465366330666533393933636238636363313332
66633439303733313764646139396461306333396433393766376131643230613031313965366262
66396635363735626132623937376166336164613263643763656336366266663863393231313764
38363063626661356465666138383335373530623030313762386636303764393961663438316333
63396539613939333564636135366534393131356531346165643530393361633962653566313764
64356435363865343964336364623462363934333362633734646231333163636438666433656339
33643861663866366235393461663164303731613137646638343631373166666534633432386132
61643162616130343465656131353361626461633236666430646362653938396434656661336361
35303538346165353564363464333232613935323165306336346164653431323138616539623034
30376162366661316530356137653566343930646136316163613938666336626366363334666566
34656330636631643165313761386238386266646261333431363162663731666634636630623535
39643335383664306132383738643263373961616566613062306632343333313230613633326635
61666536643234353262346231313762613865393462343232663735616165643038343030626336
34376635646439623362656639316336363339383236633361376236313838396163303366323264
64353334666332316564643534383463636664363161303539333639653561643463636638326331
32343431623836356365613330303432396139303030393339363231623162306466653761633339
30633765613831313632366639376133316538373937353264616635376239636535353866636438
65613039346333373134303732353465306166313063366130383562396263316537613864356238
63623864643834633234366235303132653537336335353463323863326432346535663562316639
61316364323265383532656131663263623662663161656532306138346161613165313962383462
38656632353264353033353737663630386331643136616636306537613139346232613137343737
65306236663638313263383233653361373466373466383962663766623736633334383165386535
38333530393036653666323030366364386534633433616266383065653537353066613437313734
65383436356535343139353565646262316639326462613930333463306662343865366464643837
61396136396430653038383333353931366533326437323264383764336363326561323365663439
32636130646164333934303066353632656466383032373234323836653337376531303766376139
61653433623863303831656137616632626434306466633661333930343835366530623839333963
30323339326533653132303534396266366665613738663062343962323936393833626363366236
36393866336437636633643638323464356563666431393338643462623432303939306261613037
62383066666434623932396535313766646332333465633965353961623936383432316536386464
34353565316537646337373839343163383437663336393838373461663366353062383831386331
62383665626662336561613930356433623833633939386135643934373261383765613562363238
34623763306332396636306464393136306561373432613264313364326539303136653936396362
38373337306563323230663338643130356564353961346236366366626462663763663265636364
32306634343462386634323366336430336635663632326664303637343635303764663033313434
63356364323034663632316135666230353364363166356631643439316264663065653433373739
37663466643661636338393335323562393966623466663765376336333065313132353436653933
63343331376666323435613466383263616132636335303038646663323566633363626630626536
31653433323461613331323161353033356465373833333333613265396665343165313136336366
36636538303833656637336561353630343863363463636638613934633535643235303630656565
62343337396565313039623032333532336637653735356463646237613332386436636531613337
39623033666366303030333335653839613062383432653264366263373830316337356537333163
34623237383731396336363930373665373036306333383064663562363635373036643638353839
36623139313435323763333033653338653938373634303235316238333763336539303065343635
65343361356435316461386132326562663261373938633862643839363931333438316132353565
62613936303436623164633833616262646439616632333266303137643131316133326136363030
33343963313263626363636532393961366365616136643430376364663231373834643066366134
66646539393765393830363933353866636261636361646662636533643465643037383936393330
32326264313236353738356663383666376436663738366439346533616337323766373530376437
32373436656139346639356638396263353133613937363736306238636561383665616265376139
62643739373034386431386430363439303532333766396435353931313636303264626131316337
33663533613735343662656561393736663164323539353735393562356438363264393537353531
33643562313635306464373739656262363334336462373135653438363932643765303132386262
64646633363931366333626163636238363966346336396137356632663130356130663936373330
33393235356137663139343534663064643464336534656338383836623963363931363338323561
66646566373462633366633136633164623534633732326239656561663539393535383133653739
36376464333936333439393336376261393532623230316265396430643662653733613837616435
37373732343762663038656566643866643030336164393031643861653533656463353335623461
33623466313232393137646563393463393436646237313731333737373533343062323933616633
30393036643937363934373062333333343932393430636532313935363138626263633435366564
33306364316537393938393961303732613533373162313937396335343233653265623736326361
35313638376434306139373932333061316138633632373336363738643830623839373230306261
33326434303562306365333234666663613838393630663863653763663335303332326239666163
37653730313762653461356135326564643866326532376135316533316364383436363331323436
37356561316265633664666261316233363532626630356233383262323062646136666435366231
65303662366431643564376432663931396130633765393763616634323862343266353930303631
34333635613862333533313965333165393230613565666434383532666165343931333166316437
65613931636138626366636530373735633165663861383337333735363864653139333931393532
66393764336537616263663061666538326361636631373064653965643437353435663536633365
36353330346233386262393762353866616663346131656338633061656638666239393934306166
31383335613133343061386561656462623962336130323537386230646363613936323766333261
39646237313635396336343137336331306638633430333834643539326130666231653331616134
34376135383233646364663834643931633135613461306334396538646136653637326562656366
61313165373566626466623766633931376665616562616632613531303831346436303238623261
31363336386435313031333039666163636132396262343437633731646233653264353165383962
65353938313331386138363565393031316162613738653539303362326465356362
